0.000000 0.000000
0.000010 1.000000
0.000020 0.000000
0.000030 1.000000
0.000040 0.000000
0.000050 1.000000
0.000060 0.000000
0.000070 1.000000
0.000080 0.000000
0.000090 1.000000
0.000100 0.000000
0.000110 0.000000
0.000120 1.000000
0.000130 0.000000
0.000140 1.000000
0.000150 0.000000
0.000160 1.000000
0.000170 0.000000
0.000180 1.000000
0.000190 0.000000
0.000200 1.000000
0.000210 0.000000
0.000220 1.000000
0.000230 0.000000
0.000240 1.000000
0.000250 0.000000
0.000260 1.000000
0.000270 0.000000
0.000280 1.000000
0.000290 0.000000
0.000300 1.000000
0.000310 0.000000
0.000320 1.000000
0.000330 0.000000
0.000340 0.000000
0.000350 1.000000
0.000360 0.000000
0.000370 1.000000
0.000380 0.000000
0.000390 1.000000
0.000400 0.000000
0.000410 1.000000
0.000420 1.000000
0.000430 0.000000
0.000440 1.000000
0.000450 0.000000
0.000460 1.000000
0.000470 1.000000
0.000480 0.000000
0.000490 1.000000
0.000500 0.000000
0.000510 0.000000
0.000520 1.000000
0.000530 0.000000
0.000540 0.000000
0.000550 1.000000
0.000560 0.000000
0.000570 0.000000
0.000580 1.000000
0.000590 1.000000
0.000600 0.000000
0.000610 1.000000
0.000620 1.000000
0.000630 0.000000
0.000640 0.000000
0.000650 1.000000
0.000660 1.000000
0.000670 0.000000
0.000680 0.000000
0.000690 1.000000
0.000700 1.000000
0.000710 1.000000
0.000720 0.000000
0.000730 0.000000
0.000740 0.000000
0.000750 1.000000
0.000760 1.000000
0.000770 1.000000
0.000780 0.000000
0.000790 0.000000
0.000800 0.000000
0.000810 0.000000
0.000820 1.000000
0.000830 1.000000
0.000840 1.000000
0.000850 1.000000
0.000860 1.000000
0.000870 1.000000
0.000880 1.000000
0.000890 1.000000
0.000900 1.000000
0.000910 1.000000
0.000920 1.000000
0.000930 1.000000
0.000940 1.000000
0.000950 1.000000
0.000960 1.000000
0.000970 1.000000
0.000980 1.000000
0.000990 1.000000
0.001000 1.000000
0.001010 1.000000
0.001020 1.000000
0.001030 1.000000
0.001040 1.000000
0.001050 0.000000
0.001060 0.000000
0.001070 0.000000
0.001080 0.000000
0.001090 1.000000
0.001100 1.000000
0.001110 1.000000
0.001120 1.000000
0.001130 0.000000
0.001140 0.000000
0.001150 1.000000
0.001160 1.000000
0.001170 1.000000
0.001180 0.000000
0.001190 0.000000
0.001200 1.000000
0.001210 1.000000
0.001220 0.000000
0.001230 0.000000
0.001240 1.000000
0.001250 1.000000
0.001260 0.000000
0.001270 0.000000
0.001280 1.000000
0.001290 0.000000
0.001300 0.000000
0.001310 1.000000
0.001320 0.000000
0.001330 0.000000
0.001340 1.000000
0.001350 0.000000
0.001360 0.000000
0.001370 1.000000
0.001380 0.000000
0.001390 1.000000
0.001400 1.000000
0.001410 0.000000
0.001420 1.000000
0.001430 0.000000
0.001440 0.000000
0.001450 1.000000
0.001460 0.000000
0.001470 1.000000
0.001480 0.000000
0.001490 1.000000
0.001500 0.000000
0.001510 0.000000
0.001520 1.000000
0.001530 0.000000
0.001540 1.000000
0.001550 0.000000
0.001560 1.000000
0.001570 0.000000
0.001580 1.000000
0.001590 0.000000
0.001600 1.000000
0.001610 0.000000
0.001620 1.000000
0.001630 0.000000
0.001640 1.000000
0.001650 0.000000
0.001660 1.000000
0.001670 0.000000
0.001680 1.000000
0.001690 0.000000
0.001700 1.000000
0.001710 0.000000
0.001720 1.000000
0.001730 0.000000
0.001740 1.000000
0.001750 0.000000
0.001760 1.000000
0.001770 0.000000
0.001780 1.000000
0.001790 1.000000
0.001800 0.000000
0.001810 1.000000
0.001820 0.000000
0.001830 1.000000
0.001840 0.000000
0.001850 1.000000
0.001860 0.000000
0.001870 1.000000
0.001880 0.000000
0.001890 1.000000
0.001900 0.000000
0.001910 1.000000
0.001920 1.000000
0.001930 0.000000
0.001940 1.000000
0.001950 0.000000
0.001960 1.000000
0.001970 0.000000
0.001980 1.000000
0.001990 0.000000
0.002000 1.000000
0.002010 0.000000
0.002020 1.000000
0.002030 0.000000
0.002040 1.000000
0.002050 0.000000
0.002060 1.000000
0.002070 0.000000
0.002080 1.000000
0.002090 0.000000
0.002100 1.000000
0.002110 0.000000
0.002120 1.000000
0.002130 0.000000
0.002140 1.000000
0.002150 0.000000
0.002160 1.000000
0.002170 0.000000
0.002180 1.000000
0.002190 0.000000
0.002200 1.000000
0.002210 0.000000
0.002220 1.000000
0.002230 0.000000
0.002240 0.000000
0.002250 1.000000
0.002260 0.000000
0.002270 1.000000
0.002280 0.000000
0.002290 1.000000
0.002300 1.000000
0.002310 0.000000
0.002320 1.000000
0.002330 0.000000
0.002340 0.000000
0.002350 1.000000
0.002360 0.000000
0.002370 1.000000
0.002380 1.000000
0.002390 0.000000
0.002400 1.000000
0.002410 1.000000
0.002420 0.000000
0.002430 1.000000
0.002440 1.000000
0.002450 0.000000
0.002460 0.000000
0.002470 1.000000
0.002480 0.000000
0.002490 0.000000
0.002500 1.000000
0.002510 1.000000
0.002520 0.000000
0.002530 0.000000
0.002540 1.000000
0.002550 1.000000
0.002560 1.000000
0.002570 0.000000
0.002580 0.000000
0.002590 1.000000
0.002600 1.000000
0.002610 1.000000
0.002620 0.000000
0.002630 0.000000
0.002640 0.000000
0.002650 0.000000
0.002660 1.000000
0.002670 1.000000
0.002680 1.000000
0.002690 1.000000
0.002700 1.000000
0.002710 0.000000
0.002720 0.000000
0.002730 0.000000
0.002740 0.000000
0.002750 0.000000
0.002760 0.000000
0.002770 0.000000
0.002780 0.000000
0.002790 0.000000
0.002800 0.000000
0.002810 0.000000
0.002820 0.000000
0.002830 0.000000
0.002840 0.000000
0.002850 0.000000
0.002860 0.000000
0.002870 0.000000
0.002880 0.000000
0.002890 1.000000
0.002900 1.000000
0.002910 1.000000
0.002920 1.000000
0.002930 1.000000
0.002940 0.000000
0.002950 0.000000
0.002960 0.000000
0.002970 1.000000
0.002980 1.000000
0.002990 1.000000
0.003000 0.000000
0.003010 0.000000
0.003020 0.000000
0.003030 1.000000
0.003040 1.000000
0.003050 0.000000
0.003060 0.000000
0.003070 1.000000
0.003080 1.000000
0.003090 0.000000
0.003100 0.000000
0.003110 1.000000
0.003120 1.000000
0.003130 0.000000
0.003140 0.000000
0.003150 1.000000
0.003160 0.000000
0.003170 0.000000
0.003180 1.000000
0.003190 0.000000
0.003200 0.000000
0.003210 1.000000
0.003220 0.000000
0.003230 0.000000
0.003240 1.000000
0.003250 0.000000
0.003260 1.000000
0.003270 1.000000
0.003280 0.000000
0.003290 1.000000
0.003300 0.000000
0.003310 1.000000
0.003320 1.000000
0.003330 0.000000
0.003340 1.000000
0.003350 0.000000
0.003360 1.000000
0.003370 0.000000
0.003380 1.000000
0.003390 0.000000
0.003400 1.000000
0.003410 1.000000
0.003420 0.000000
0.003430 1.000000
0.003440 0.000000
0.003450 1.000000
0.003460 0.000000
0.003470 1.000000
0.003480 0.000000
0.003490 1.000000
0.003500 0.000000
0.003510 1.000000
0.003520 0.000000
0.003530 1.000000
0.003540 0.000000
0.003550 1.000000
0.003560 0.000000
0.003570 1.000000
0.003580 0.000000
0.003590 1.000000
0.003600 0.000000
0.003610 0.000000
0.003620 1.000000
0.003630 0.000000
0.003640 1.000000
0.003650 0.000000
0.003660 1.000000
0.003670 0.000000
0.003680 1.000000
0.003690 0.000000
0.003700 1.000000
0.003710 0.000000
0.003720 1.000000
0.003730 0.000000
0.003740 0.000000
0.003750 1.000000
0.003760 0.000000
0.003770 1.000000
0.003780 0.000000
0.003790 1.000000
0.003800 0.000000
0.003810 1.000000
0.003820 0.000000
0.003830 1.000000
0.003840 0.000000
0.003850 1.000000
0.003860 0.000000
0.003870 1.000000
0.003880 0.000000
0.003890 1.000000
0.003900 1.000000
0.003910 0.000000
0.003920 1.000000
0.003930 0.000000
0.003940 1.000000
0.003950 0.000000
0.003960 1.000000
0.003970 0.000000
0.003980 1.000000
0.003990 0.000000
0.004000 1.000000
0.004010 1.000000
0.004020 0.000000
0.004030 1.000000
0.004040 0.000000
0.004050 1.000000
0.004060 0.000000
0.004070 1.000000
0.004080 0.000000
0.004090 1.000000
0.004100 0.000000
0.004110 1.000000
0.004120 1.000000
0.004130 0.000000
0.004140 1.000000
0.004150 0.000000
0.004160 1.000000
0.004170 0.000000
0.004180 0.000000
0.004190 1.000000
0.004200 0.000000
0.004210 1.000000
0.004220 1.000000
0.004230 0.000000
0.004240 1.000000
0.004250 1.000000
0.004260 0.000000
0.004270 1.000000
0.004280 1.000000
0.004290 0.000000
0.004300 1.000000
0.004310 1.000000
0.004320 0.000000
0.004330 0.000000
0.004340 1.000000
0.004350 1.000000
0.004360 0.000000
0.004370 1.000000
0.004380 1.000000
0.004390 1.000000
0.004400 0.000000
0.004410 0.000000
0.004420 1.000000
0.004430 1.000000
0.004440 0.000000
0.004450 0.000000
0.004460 0.000000
0.004470 1.000000
0.004480 1.000000
0.004490 1.000000
0.004500 0.000000
0.004510 0.000000
0.004520 0.000000
0.004530 0.000000
0.004540 1.000000
0.004550 1.000000
0.004560 1.000000
0.004570 1.000000
0.004580 1.000000
0.004590 1.000000
0.004600 1.000000
0.004610 1.000000
0.004620 1.000000
0.004630 1.000000
0.004640 1.000000
0.004650 1.000000
0.004660 1.000000
0.004670 1.000000
0.004680 1.000000
0.004690 1.000000
0.004700 1.000000
0.004710 1.000000
0.004720 1.000000
0.004730 1.000000
0.004740 1.000000
0.004750 1.000000
0.004760 1.000000
0.004770 1.000000
0.004780 0.000000
0.004790 0.000000
0.004800 0.000000
0.004810 0.000000
0.004820 1.000000
0.004830 1.000000
0.004840 1.000000
0.004850 0.000000
0.004860 0.000000
0.004870 0.000000
0.004880 1.000000
0.004890 1.000000
0.004900 0.000000
0.004910 0.000000
0.004920 1.000000
0.004930 1.000000
0.004940 0.000000
0.004950 0.000000
0.004960 1.000000
0.004970 1.000000
0.004980 0.000000
0.004990 0.000000
0.005000 1.000000
0.005010 1.000000
0.005020 0.000000
0.005030 1.000000
0.005040 1.000000
0.005050 0.000000
0.005060 1.000000
0.005070 1.000000
0.005080 0.000000
0.005090 1.000000
0.005100 1.000000
0.005110 0.000000
0.005120 1.000000
0.005130 0.000000
0.005140 1.000000
0.005150 1.000000
0.005160 0.000000
0.005170 1.000000
0.005180 0.000000
0.005190 1.000000
0.005200 1.000000
0.005210 0.000000
0.005220 1.000000
0.005230 0.000000
0.005240 1.000000
0.005250 0.000000
0.005260 1.000000
0.005270 0.000000
0.005280 1.000000
0.005290 0.000000
0.005300 1.000000
0.005310 0.000000
0.005320 1.000000
0.005330 0.000000
0.005340 0.000000
0.005350 1.000000
0.005360 0.000000
0.005370 1.000000
0.005380 1.000000
0.005390 0.000000
0.005400 1.000000
0.005410 0.000000
0.005420 1.000000
0.005430 0.000000
0.005440 1.000000
0.005450 0.000000
0.005460 1.000000
0.005470 0.000000
0.005480 1.000000
0.005490 0.000000
0.005500 1.000000
0.005510 0.000000
0.005520 1.000000
0.005530 0.000000
0.005540 1.000000
0.005550 0.000000
0.005560 0.000000
0.005570 1.000000
0.005580 0.000000
0.005590 1.000000
0.005600 0.000000
0.005610 1.000000
0.005620 0.000000
0.005630 1.000000
0.005640 0.000000
0.005650 1.000000
0.005660 0.000000
0.005670 1.000000
0.005680 0.000000
0.005690 1.000000
0.005700 1.000000
0.005710 0.000000
0.005720 1.000000
0.005730 0.000000
0.005740 1.000000
0.005750 0.000000
0.005760 1.000000
0.005770 0.000000
0.005780 1.000000
0.005790 0.000000
0.005800 1.000000
0.005810 0.000000
0.005820 1.000000
0.005830 0.000000
0.005840 1.000000
0.005850 0.000000
0.005860 1.000000
0.005870 0.000000
0.005880 1.000000
0.005890 0.000000
0.005900 1.000000
0.005910 0.000000
0.005920 0.000000
0.005930 1.000000
0.005940 0.000000
0.005950 1.000000
0.005960 0.000000
0.005970 1.000000
0.005980 0.000000
0.005990 1.000000
0.006000 1.000000
0.006010 0.000000
0.006020 1.000000
0.006030 0.000000
0.006040 1.000000
0.006050 1.000000
0.006060 0.000000
0.006070 1.000000
0.006080 0.000000
0.006090 0.000000
0.006100 1.000000
0.006110 0.000000
0.006120 0.000000
0.006130 1.000000
0.006140 0.000000
0.006150 0.000000
0.006160 1.000000
0.006170 0.000000
0.006180 0.000000
0.006190 1.000000
0.006200 1.000000
0.006210 0.000000
0.006220 0.000000
0.006230 1.000000
0.006240 1.000000
0.006250 0.000000
0.006260 0.000000
0.006270 1.000000
0.006280 1.000000
0.006290 0.000000
0.006300 0.000000
0.006310 0.000000
0.006320 1.000000
0.006330 1.000000
0.006340 1.000000
0.006350 0.000000
0.006360 0.000000
0.006370 0.000000
0.006380 1.000000
0.006390 1.000000
0.006400 1.000000
0.006410 1.000000
0.006420 1.000000
0.006430 0.000000
0.006440 0.000000
0.006450 0.000000
0.006460 0.000000
0.006470 0.000000
0.006480 0.000000
0.006490 0.000000
0.006500 0.000000
0.006510 0.000000
0.006520 0.000000
0.006530 0.000000
0.006540 0.000000
0.006550 0.000000
0.006560 0.000000
0.006570 0.000000
0.006580 0.000000
0.006590 0.000000
0.006600 0.000000
0.006610 1.000000
0.006620 1.000000
0.006630 1.000000
0.006640 1.000000
0.006650 1.000000
0.006660 0.000000
0.006670 0.000000
0.006680 0.000000
0.006690 0.000000
0.006700 1.000000
0.006710 1.000000
0.006720 1.000000
0.006730 0.000000
0.006740 0.000000
0.006750 1.000000
0.006760 1.000000
0.006770 0.000000
0.006780 0.000000
0.006790 0.000000
0.006800 1.000000
0.006810 1.000000
0.006820 0.000000
0.006830 1.000000
0.006840 1.000000
0.006850 0.000000
0.006860 0.000000
0.006870 1.000000
0.006880 1.000000
0.006890 0.000000
0.006900 1.000000
0.006910 1.000000
0.006920 0.000000
0.006930 1.000000
0.006940 1.000000
0.006950 0.000000
0.006960 1.000000
0.006970 0.000000
0.006980 0.000000
0.006990 1.000000
0.007000 0.000000
0.007010 1.000000
0.007020 0.000000
0.007030 0.000000
0.007040 1.000000
0.007050 0.000000
0.007060 1.000000
0.007070 0.000000
0.007080 1.000000
0.007090 1.000000
0.007100 0.000000
0.007110 1.000000
0.007120 0.000000
0.007130 1.000000
0.007140 0.000000
0.007150 1.000000
0.007160 0.000000
0.007170 1.000000
0.007180 0.000000
0.007190 1.000000
0.007200 0.000000
0.007210 1.000000
0.007220 0.000000
0.007230 1.000000
0.007240 0.000000
0.007250 1.000000
0.007260 0.000000
0.007270 1.000000
0.007280 0.000000
0.007290 1.000000
0.007300 0.000000
0.007310 1.000000
0.007320 0.000000
0.007330 1.000000
0.007340 0.000000
0.007350 1.000000
0.007360 0.000000
0.007370 1.000000
0.007380 1.000000
0.007390 0.000000
0.007400 1.000000
0.007410 0.000000
0.007420 1.000000
0.007430 0.000000
0.007440 1.000000
0.007450 0.000000
0.007460 1.000000
0.007470 0.000000
0.007480 1.000000
0.007490 0.000000
0.007500 1.000000
0.007510 1.000000
0.007520 0.000000
0.007530 1.000000
0.007540 0.000000
0.007550 1.000000
0.007560 0.000000
0.007570 1.000000
0.007580 0.000000
0.007590 1.000000
0.007600 0.000000
0.007610 1.000000
0.007620 0.000000
0.007630 1.000000
0.007640 0.000000
0.007650 1.000000
0.007660 0.000000
0.007670 1.000000
0.007680 0.000000
0.007690 1.000000
0.007700 0.000000
0.007710 1.000000
0.007720 0.000000
0.007730 1.000000
0.007740 0.000000
0.007750 1.000000
0.007760 0.000000
0.007770 1.000000
0.007780 0.000000
0.007790 1.000000
0.007800 0.000000
0.007810 1.000000
0.007820 1.000000
0.007830 0.000000
0.007840 1.000000
0.007850 0.000000
0.007860 1.000000
0.007870 0.000000
0.007880 0.000000
0.007890 1.000000
0.007900 0.000000
0.007910 1.000000
0.007920 0.000000
0.007930 0.000000
0.007940 1.000000
0.007950 0.000000
0.007960 0.000000
0.007970 1.000000
0.007980 0.000000
0.007990 1.000000
0.008000 1.000000
0.008010 0.000000
0.008020 0.000000
0.008030 1.000000
0.008040 0.000000
0.008050 0.000000
0.008060 1.000000
0.008070 1.000000
0.008080 0.000000
0.008090 0.000000
0.008100 1.000000
0.008110 1.000000
0.008120 0.000000
0.008130 0.000000
0.008140 1.000000
0.008150 1.000000
0.008160 1.000000
0.008170 0.000000
0.008180 0.000000
0.008190 1.000000
0.008200 1.000000
0.008210 1.000000
0.008220 1.000000
0.008230 0.000000
0.008240 0.000000
0.008250 0.000000
0.008260 0.000000
0.008270 1.000000
0.008280 1.000000
0.008290 1.000000
0.008300 1.000000
0.008310 1.000000
0.008320 1.000000
0.008330 1.000000
0.008340 1.000000
0.008350 1.000000
0.008360 1.000000
0.008370 1.000000
0.008380 1.000000
0.008390 1.000000
0.008400 1.000000
0.008410 1.000000
0.008420 1.000000
0.008430 1.000000
0.008440 1.000000
0.008450 1.000000
0.008460 1.000000
0.008470 1.000000
0.008480 1.000000
0.008490 1.000000
0.008500 0.000000
0.008510 0.000000
0.008520 0.000000
0.008530 0.000000
0.008540 1.000000
0.008550 1.000000
0.008560 1.000000
0.008570 0.000000
0.008580 0.000000
0.008590 0.000000
0.008600 1.000000
0.008610 1.000000
0.008620 0.000000
0.008630 0.000000
0.008640 0.000000
0.008650 1.000000
0.008660 1.000000
0.008670 0.000000
0.008680 0.000000
0.008690 1.000000
0.008700 1.000000
0.008710 0.000000
0.008720 1.000000
0.008730 1.000000
0.008740 0.000000
0.008750 0.000000
0.008760 1.000000
0.008770 0.000000
0.008780 0.000000
0.008790 1.000000
0.008800 0.000000
0.008810 1.000000
0.008820 1.000000
0.008830 0.000000
0.008840 1.000000
0.008850 1.000000
0.008860 0.000000
0.008870 1.000000
0.008880 0.000000
0.008890 1.000000
0.008900 1.000000
0.008910 0.000000
0.008920 1.000000
0.008930 0.000000
0.008940 1.000000
0.008950 0.000000
0.008960 1.000000
0.008970 0.000000
0.008980 1.000000
0.008990 1.000000
0.009000 0.000000
0.009010 1.000000
0.009020 0.000000
0.009030 1.000000
0.009040 0.000000
0.009050 1.000000
0.009060 0.000000
0.009070 1.000000
0.009080 0.000000
0.009090 1.000000
0.009100 0.000000
0.009110 1.000000
0.009120 0.000000
0.009130 1.000000
0.009140 0.000000
0.009150 1.000000
0.009160 0.000000
0.009170 1.000000
0.009180 0.000000
0.009190 1.000000
0.009200 1.000000
0.009210 0.000000
0.009220 1.000000
0.009230 0.000000
0.009240 1.000000
0.009250 0.000000
0.009260 1.000000
0.009270 0.000000
0.009280 1.000000
0.009290 0.000000
0.009300 1.000000
0.009310 0.000000
0.009320 1.000000
0.009330 1.000000
0.009340 0.000000
0.009350 1.000000
0.009360 0.000000
0.009370 1.000000
0.009380 0.000000
0.009390 1.000000
0.009400 0.000000
0.009410 1.000000
0.009420 0.000000
0.009430 1.000000
0.009440 0.000000
0.009450 1.000000
0.009460 0.000000
0.009470 1.000000
0.009480 0.000000
0.009490 1.000000
0.009500 1.000000
0.009510 0.000000
0.009520 1.000000
0.009530 0.000000
0.009540 1.000000
0.009550 0.000000
0.009560 1.000000
0.009570 0.000000
0.009580 0.000000
0.009590 1.000000
0.009600 0.000000
0.009610 1.000000
0.009620 0.000000
0.009630 1.000000
0.009640 0.000000
0.009650 1.000000
0.009660 0.000000
0.009670 1.000000
0.009680 0.000000
0.009690 1.000000
0.009700 1.000000
0.009710 0.000000
0.009720 1.000000
0.009730 0.000000
0.009740 1.000000
0.009750 0.000000
0.009760 0.000000
0.009770 1.000000
0.009780 0.000000
0.009790 1.000000
0.009800 1.000000
0.009810 0.000000
0.009820 1.000000
0.009830 0.000000
0.009840 0.000000
0.009850 1.000000
0.009860 0.000000
0.009870 0.000000
0.009880 1.000000
0.009890 1.000000
0.009900 0.000000
0.009910 1.000000
0.009920 1.000000
0.009930 0.000000
0.009940 0.000000
0.009950 1.000000
0.009960 1.000000
0.009970 0.000000
0.009980 0.000000
0.009990 1.000000
0.010000 1.000000
0.010010 1.000000
0.010020 0.000000
0.010030 0.000000
0.010040 1.000000
0.010050 1.000000
0.010060 1.000000
0.010070 0.000000
0.010080 0.000000
0.010090 0.000000
0.010100 0.000000
0.010110 1.000000
0.010120 1.000000
0.010130 1.000000
0.010140 1.000000
0.010150 0.000000
0.010160 0.000000
0.010170 0.000000
0.010180 0.000000
0.010190 0.000000
0.010200 0.000000
0.010210 0.000000
0.010220 0.000000
0.010230 0.000000
0.010240 0.000000
0.010250 0.000000
0.010260 0.000000
0.010270 0.000000
0.010280 0.000000
0.010290 0.000000
0.010300 0.000000
0.010310 0.000000
0.010320 0.000000
0.010330 0.000000
0.010340 1.000000
0.010350 1.000000
0.010360 1.000000
0.010370 1.000000
0.010380 0.000000
0.010390 0.000000
0.010400 0.000000
0.010410 0.000000
0.010420 1.000000
0.010430 1.000000
0.010440 1.000000
0.010450 0.000000
0.010460 0.000000
0.010470 1.000000
0.010480 1.000000
0.010490 1.000000
0.010500 0.000000
0.010510 0.000000
0.010520 1.000000
0.010530 1.000000
0.010540 0.000000
0.010550 0.000000
0.010560 1.000000
0.010570 1.000000
0.010580 0.000000
0.010590 1.000000
0.010600 1.000000
0.010610 0.000000
0.010620 0.000000
0.010630 1.000000
0.010640 0.000000
0.010650 0.000000
0.010660 1.000000
0.010670 0.000000
0.010680 1.000000
0.010690 1.000000
0.010700 0.000000
0.010710 1.000000
0.010720 0.000000
0.010730 0.000000
0.010740 1.000000
0.010750 0.000000
0.010760 1.000000
0.010770 0.000000
0.010780 1.000000
0.010790 1.000000
0.010800 0.000000
0.010810 1.000000
0.010820 0.000000
0.010830 1.000000
0.010840 0.000000
0.010850 1.000000
0.010860 0.000000
0.010870 1.000000
0.010880 0.000000
0.010890 1.000000
0.010900 0.000000
0.010910 0.000000
0.010920 1.000000
0.010930 0.000000
0.010940 1.000000
0.010950 0.000000
0.010960 1.000000
0.010970 0.000000
0.010980 1.000000
0.010990 1.000000
0.011000 0.000000
0.011010 1.000000
0.011020 0.000000
0.011030 1.000000
0.011040 0.000000
0.011050 1.000000
0.011060 0.000000
0.011070 1.000000
0.011080 0.000000
0.011090 1.000000
0.011100 0.000000
0.011110 1.000000
0.011120 0.000000
0.011130 1.000000
0.011140 0.000000
0.011150 1.000000
0.011160 1.000000
0.011170 0.000000
0.011180 1.000000
0.011190 0.000000
0.011200 1.000000
0.011210 0.000000
0.011220 1.000000
0.011230 0.000000
0.011240 1.000000
0.011250 0.000000
0.011260 1.000000
0.011270 0.000000
0.011280 1.000000
0.011290 1.000000
0.011300 0.000000
0.011310 1.000000
0.011320 0.000000
0.011330 1.000000
0.011340 0.000000
0.011350 1.000000
0.011360 0.000000
0.011370 1.000000
0.011380 0.000000
0.011390 1.000000
0.011400 0.000000
0.011410 1.000000
0.011420 0.000000
0.011430 1.000000
0.011440 0.000000
0.011450 1.000000
0.011460 0.000000
0.011470 1.000000
0.011480 0.000000
0.011490 1.000000
0.011500 1.000000
0.011510 0.000000
0.011520 1.000000
0.011530 0.000000
0.011540 1.000000
0.011550 0.000000
0.011560 1.000000
0.011570 0.000000
0.011580 1.000000
0.011590 1.000000
0.011600 0.000000
0.011610 1.000000
0.011620 0.000000
0.011630 1.000000
0.011640 1.000000
0.011650 0.000000
0.011660 1.000000
0.011670 1.000000
0.011680 0.000000
0.011690 1.000000
0.011700 0.000000
0.011710 0.000000
0.011720 1.000000
0.011730 0.000000
0.011740 0.000000
0.011750 1.000000
0.011760 1.000000
0.011770 0.000000
0.011780 1.000000
0.011790 1.000000
0.011800 0.000000
0.011810 0.000000
0.011820 1.000000
0.011830 1.000000
0.011840 0.000000
0.011850 0.000000
0.011860 0.000000
0.011870 1.000000
0.011880 1.000000
0.011890 0.000000
0.011900 0.000000
0.011910 0.000000
0.011920 1.000000
0.011930 1.000000
0.011940 1.000000
0.011950 0.000000
0.011960 0.000000
0.011970 0.000000
0.011980 0.000000
0.011990 1.000000
0.012000 1.000000
0.012010 1.000000
0.012020 1.000000
0.012030 1.000000
0.012040 1.000000
0.012050 1.000000
0.012060 1.000000
0.012070 1.000000
0.012080 1.000000
0.012090 1.000000
0.012100 1.000000
0.012110 1.000000
0.012120 1.000000
0.012130 1.000000
0.012140 1.000000
0.012150 1.000000
0.012160 1.000000
0.012170 1.000000
0.012180 1.000000
0.012190 1.000000
0.012200 1.000000
0.012210 1.000000
0.012220 0.000000
0.012230 0.000000
0.012240 0.000000
0.012250 0.000000
0.012260 1.000000
0.012270 1.000000
0.012280 1.000000
0.012290 1.000000
0.012300 0.000000
0.012310 0.000000
0.012320 1.000000
0.012330 1.000000
0.012340 1.000000
0.012350 0.000000
0.012360 0.000000
0.012370 1.000000
0.012380 1.000000
0.012390 0.000000
0.012400 0.000000
0.012410 1.000000
0.012420 1.000000
0.012430 0.000000
0.012440 0.000000
0.012450 1.000000
0.012460 0.000000
0.012470 0.000000
0.012480 1.000000
0.012490 1.000000
0.012500 0.000000
0.012510 1.000000
0.012520 0.000000
0.012530 0.000000
0.012540 1.000000
0.012550 0.000000
0.012560 0.000000
0.012570 1.000000
0.012580 0.000000
0.012590 1.000000
0.012600 0.000000
0.012610 0.000000
0.012620 1.000000
0.012630 0.000000
0.012640 1.000000
0.012650 0.000000
0.012660 1.000000
0.012670 1.000000
0.012680 0.000000
0.012690 1.000000
0.012700 0.000000
0.012710 1.000000
0.012720 0.000000
0.012730 1.000000
0.012740 0.000000
0.012750 1.000000
0.012760 0.000000
0.012770 1.000000
0.012780 0.000000
0.012790 1.000000
0.012800 0.000000
0.012810 1.000000
0.012820 0.000000
0.012830 1.000000
0.012840 0.000000
0.012850 1.000000
0.012860 0.000000
0.012870 1.000000
0.012880 0.000000
0.012890 1.000000
0.012900 0.000000
0.012910 1.000000
0.012920 0.000000
0.012930 1.000000
0.012940 0.000000
0.012950 1.000000
0.012960 0.000000
0.012970 1.000000
0.012980 1.000000
0.012990 0.000000
0.013000 1.000000
0.013010 0.000000
0.013020 1.000000
0.013030 0.000000
0.013040 1.000000
0.013050 0.000000
0.013060 1.000000
0.013070 0.000000
0.013080 1.000000
0.013090 0.000000
0.013100 1.000000
0.013110 1.000000
0.013120 0.000000
0.013130 1.000000
0.013140 0.000000
0.013150 1.000000
0.013160 0.000000
0.013170 1.000000
0.013180 0.000000
0.013190 1.000000
0.013200 0.000000
0.013210 1.000000
0.013220 0.000000
0.013230 1.000000
0.013240 0.000000
0.013250 1.000000
0.013260 0.000000
0.013270 1.000000
0.013280 0.000000
0.013290 1.000000
0.013300 0.000000
0.013310 1.000000
0.013320 0.000000
0.013330 1.000000
0.013340 0.000000
0.013350 1.000000
0.013360 0.000000
0.013370 1.000000
0.013380 0.000000
0.013390 1.000000
0.013400 1.000000
0.013410 0.000000
0.013420 1.000000
0.013430 0.000000
0.013440 1.000000
0.013450 0.000000
0.013460 0.000000
0.013470 1.000000
0.013480 0.000000
0.013490 1.000000
0.013500 0.000000
0.013510 0.000000
0.013520 1.000000
0.013530 0.000000
0.013540 1.000000
0.013550 1.000000
0.013560 0.000000
0.013570 1.000000
0.013580 1.000000
0.013590 0.000000
0.013600 1.000000
0.013610 1.000000
0.013620 0.000000
0.013630 0.000000
0.013640 1.000000
0.013650 1.000000
0.013660 0.000000
0.013670 1.000000
0.013680 1.000000
0.013690 0.000000
0.013700 0.000000
0.013710 0.000000
0.013720 1.000000
0.013730 1.000000
0.013740 0.000000
0.013750 0.000000
0.013760 1.000000
0.013770 1.000000
0.013780 1.000000
0.013790 0.000000
0.013800 0.000000
0.013810 0.000000
0.013820 0.000000
0.013830 1.000000
0.013840 1.000000
0.013850 1.000000
0.013860 1.000000
0.013870 1.000000
0.013880 0.000000
0.013890 0.000000
0.013900 0.000000
0.013910 0.000000
0.013920 0.000000
0.013930 0.000000
0.013940 0.000000
0.013950 0.000000
0.013960 0.000000
0.013970 0.000000
0.013980 0.000000
0.013990 0.000000
0.014000 0.000000
0.014010 0.000000
0.014020 0.000000
0.014030 0.000000
0.014040 0.000000
0.014050 0.000000
0.014060 1.000000
0.014070 1.000000
0.014080 1.000000
0.014090 1.000000
0.014100 1.000000
0.014110 0.000000
0.014120 0.000000
0.014130 0.000000
0.014140 1.000000
0.014150 1.000000
0.014160 1.000000
0.014170 0.000000
0.014180 0.000000
0.014190 0.000000
0.014200 1.000000
0.014210 1.000000
0.014220 0.000000
0.014230 0.000000
0.014240 1.000000
0.014250 1.000000
0.014260 0.000000
0.014270 0.000000
0.014280 1.000000
0.014290 1.000000
0.014300 0.000000
0.014310 0.000000
0.014320 1.000000
0.014330 0.000000
0.014340 0.000000
0.014350 1.000000
0.014360 0.000000
0.014370 0.000000
0.014380 1.000000
0.014390 0.000000
0.014400 0.000000
0.014410 1.000000
0.014420 0.000000
0.014430 1.000000
0.014440 1.000000
0.014450 0.000000
0.014460 1.000000
0.014470 0.000000
0.014480 1.000000
0.014490 1.000000
0.014500 0.000000
0.014510 1.000000
0.014520 0.000000
0.014530 1.000000
0.014540 0.000000
0.014550 1.000000
0.014560 0.000000
0.014570 0.000000
0.014580 1.000000
0.014590 0.000000
0.014600 1.000000
0.014610 0.000000
0.014620 1.000000
0.014630 0.000000
0.014640 1.000000
0.014650 0.000000
0.014660 1.000000
0.014670 0.000000
0.014680 1.000000
0.014690 0.000000
0.014700 1.000000
0.014710 0.000000
0.014720 1.000000
0.014730 0.000000
0.014740 1.000000
0.014750 0.000000
0.014760 1.000000
0.014770 0.000000
0.014780 1.000000
0.014790 1.000000
0.014800 0.000000
0.014810 1.000000
0.014820 0.000000
0.014830 1.000000
0.014840 0.000000
0.014850 1.000000
0.014860 0.000000
0.014870 1.000000
0.014880 0.000000
0.014890 1.000000
0.014900 0.000000
0.014910 1.000000
0.014920 0.000000
0.014930 0.000000
0.014940 1.000000
0.014950 0.000000
0.014960 1.000000
0.014970 0.000000
0.014980 1.000000
0.014990 0.000000
0.015000 1.000000
0.015010 0.000000
0.015020 1.000000
0.015030 0.000000
0.015040 1.000000
0.015050 0.000000
0.015060 1.000000
0.015070 0.000000
0.015080 1.000000
0.015090 0.000000
0.015100 1.000000
0.015110 1.000000
0.015120 0.000000
0.015130 1.000000
0.015140 0.000000
0.015150 0.000000
0.015160 1.000000
0.015170 0.000000
0.015180 1.000000
0.015190 0.000000
0.015200 1.000000
0.015210 0.000000
0.015220 1.000000
0.015230 0.000000
0.015240 1.000000
0.015250 0.000000
0.015260 1.000000
0.015270 0.000000
0.015280 1.000000
0.015290 1.000000
0.015300 0.000000
0.015310 1.000000
0.015320 0.000000
0.015330 1.000000
0.015340 1.000000
0.015350 0.000000
0.015360 1.000000
0.015370 0.000000
0.015380 1.000000
0.015390 1.000000
0.015400 0.000000
0.015410 1.000000
0.015420 1.000000
0.015430 0.000000
0.015440 1.000000
0.015450 1.000000
0.015460 0.000000
0.015470 1.000000
0.015480 1.000000
0.015490 0.000000
0.015500 0.000000
0.015510 1.000000
0.015520 1.000000
0.015530 0.000000
0.015540 0.000000
0.015550 1.000000
0.015560 1.000000
0.015570 0.000000
0.015580 0.000000
0.015590 1.000000
0.015600 1.000000
0.015610 0.000000
0.015620 0.000000
0.015630 0.000000
0.015640 1.000000
0.015650 1.000000
0.015660 1.000000
0.015670 0.000000
0.015680 0.000000
0.015690 0.000000
0.015700 0.000000
0.015710 1.000000
0.015720 1.000000
0.015730 1.000000
0.015740 1.000000
0.015750 1.000000
0.015760 1.000000
0.015770 1.000000
0.015780 1.000000
0.015790 1.000000
0.015800 1.000000
0.015810 1.000000
0.015820 1.000000
0.015830 1.000000
0.015840 1.000000
0.015850 1.000000
0.015860 1.000000
0.015870 1.000000
0.015880 1.000000
0.015890 1.000000
0.015900 1.000000
0.015910 1.000000
0.015920 1.000000
0.015930 1.000000
0.015940 1.000000
0.015950 0.000000
0.015960 0.000000
0.015970 0.000000
0.015980 0.000000
0.015990 1.000000
0.016000 1.000000
0.016010 1.000000
0.016020 0.000000
0.016030 0.000000
0.016040 0.000000
0.016050 1.000000
0.016060 1.000000
0.016070 0.000000
0.016080 0.000000
0.016090 1.000000
0.016100 1.000000
0.016110 1.000000
0.016120 0.000000
0.016130 1.000000
0.016140 1.000000
0.016150 0.000000
0.016160 0.000000
0.016170 1.000000
0.016180 1.000000
0.016190 0.000000
0.016200 1.000000
0.016210 1.000000
0.016220 0.000000
0.016230 1.000000
0.016240 1.000000
0.016250 0.000000
0.016260 1.000000
0.016270 1.000000
0.016280 0.000000
0.016290 1.000000
0.016300 0.000000
0.016310 0.000000
0.016320 1.000000
0.016330 0.000000
0.016340 1.000000
0.016350 0.000000
0.016360 1.000000
0.016370 1.000000
0.016380 0.000000
0.016390 1.000000
0.016400 0.000000
0.016410 1.000000
0.016420 0.000000
0.016430 1.000000
0.016440 0.000000
0.016450 1.000000
0.016460 0.000000
0.016470 1.000000
0.016480 1.000000
0.016490 0.000000
0.016500 1.000000
0.016510 0.000000
0.016520 1.000000
0.016530 0.000000
0.016540 1.000000
0.016550 0.000000
0.016560 1.000000
0.016570 0.000000
0.016580 1.000000
0.016590 1.000000
0.016600 0.000000
0.016610 1.000000
0.016620 0.000000
0.016630 1.000000
0.016640 0.000000
0.016650 1.000000
0.016660 0.000000
0.016670 1.000000
0.016680 0.000000
0.016690 1.000000
0.016700 0.000000
0.016710 1.000000
0.016720 0.000000
0.016730 1.000000
0.016740 0.000000
0.016750 0.000000
0.016760 1.000000
0.016770 0.000000
0.016780 1.000000
0.016790 0.000000
0.016800 1.000000
0.016810 0.000000
0.016820 1.000000
0.016830 0.000000
0.016840 1.000000
0.016850 0.000000
0.016860 1.000000
0.016870 0.000000
0.016880 0.000000
0.016890 1.000000
0.016900 0.000000
0.016910 1.000000
0.016920 0.000000
0.016930 1.000000
0.016940 0.000000
0.016950 1.000000
0.016960 0.000000
0.016970 1.000000
0.016980 0.000000
0.016990 1.000000
0.017000 0.000000
0.017010 1.000000
0.017020 0.000000
0.017030 1.000000
0.017040 0.000000
0.017050 1.000000
0.017060 0.000000
0.017070 1.000000
0.017080 1.000000
0.017090 0.000000
0.017100 1.000000
0.017110 0.000000
0.017120 1.000000
0.017130 0.000000
0.017140 1.000000
0.017150 0.000000
0.017160 1.000000
0.017170 1.000000
0.017180 0.000000
0.017190 1.000000
0.017200 0.000000
0.017210 1.000000
0.017220 1.000000
0.017230 0.000000
0.017240 1.000000
0.017250 0.000000
0.017260 0.000000
0.017270 1.000000
0.017280 0.000000
0.017290 0.000000
0.017300 1.000000
0.017310 0.000000
0.017320 0.000000
0.017330 1.000000
0.017340 0.000000
0.017350 0.000000
0.017360 1.000000
0.017370 1.000000
0.017380 0.000000
0.017390 0.000000
0.017400 1.000000
0.017410 1.000000
0.017420 0.000000
0.017430 0.000000
0.017440 1.000000
0.017450 1.000000
0.017460 0.000000
0.017470 0.000000
0.017480 0.000000
0.017490 1.000000
0.017500 1.000000
0.017510 1.000000
0.017520 0.000000
0.017530 0.000000
0.017540 0.000000
0.017550 1.000000
0.017560 1.000000
0.017570 1.000000
0.017580 1.000000
0.017590 1.000000
0.017600 0.000000
0.017610 0.000000
0.017620 0.000000
0.017630 0.000000
0.017640 0.000000
0.017650 0.000000
0.017660 0.000000
0.017670 0.000000
0.017680 0.000000
0.017690 0.000000
0.017700 0.000000
0.017710 0.000000
0.017720 0.000000
0.017730 0.000000
0.017740 0.000000
0.017750 0.000000
0.017760 0.000000
0.017770 0.000000
0.017780 1.000000
0.017790 1.000000
0.017800 1.000000
0.017810 1.000000
0.017820 1.000000
0.017830 0.000000
0.017840 0.000000
0.017850 0.000000
0.017860 0.000000
0.017870 1.000000
0.017880 1.000000
0.017890 1.000000
0.017900 0.000000
0.017910 0.000000
0.017920 1.000000
0.017930 1.000000
0.017940 1.000000
0.017950 0.000000
0.017960 0.000000
0.017970 1.000000
0.017980 1.000000
0.017990 0.000000
0.018000 0.000000
0.018010 1.000000
0.018020 0.000000
0.018030 0.000000
0.018040 1.000000
0.018050 1.000000
0.018060 0.000000
0.018070 1.000000
0.018080 1.000000
0.018090 0.000000
0.018100 1.000000
0.018110 1.000000
0.018120 0.000000
0.018130 1.000000
0.018140 0.000000
0.018150 0.000000
0.018160 1.000000
0.018170 0.000000
0.018180 1.000000
0.018190 1.000000
0.018200 0.000000
0.018210 1.000000
0.018220 0.000000
0.018230 1.000000
0.018240 0.000000
0.018250 0.000000
0.018260 1.000000
0.018270 0.000000
0.018280 1.000000
0.018290 0.000000
0.018300 1.000000
0.018310 0.000000
0.018320 1.000000
0.018330 0.000000
0.018340 1.000000
0.018350 0.000000
0.018360 1.000000
0.018370 0.000000
0.018380 1.000000
0.018390 0.000000
0.018400 1.000000
0.018410 0.000000
0.018420 1.000000
0.018430 0.000000
0.018440 1.000000
0.018450 0.000000
0.018460 1.000000
0.018470 0.000000
0.018480 1.000000
0.018490 0.000000
0.018500 1.000000
0.018510 0.000000
0.018520 1.000000
0.018530 0.000000
0.018540 1.000000
0.018550 0.000000
0.018560 1.000000
0.018570 1.000000
0.018580 0.000000
0.018590 1.000000
0.018600 0.000000
0.018610 1.000000
0.018620 0.000000
0.018630 1.000000
0.018640 0.000000
0.018650 1.000000
0.018660 0.000000
0.018670 1.000000
0.018680 0.000000
0.018690 1.000000
0.018700 1.000000
0.018710 0.000000
0.018720 1.000000
0.018730 0.000000
0.018740 1.000000
0.018750 0.000000
0.018760 1.000000
0.018770 0.000000
0.018780 1.000000
0.018790 0.000000
0.018800 1.000000
0.018810 0.000000
0.018820 1.000000
0.018830 0.000000
0.018840 1.000000
0.018850 0.000000
0.018860 1.000000
0.018870 0.000000
0.018880 1.000000
0.018890 0.000000
0.018900 1.000000
0.018910 0.000000
0.018920 1.000000
0.018930 0.000000
0.018940 1.000000
0.018950 0.000000
0.018960 1.000000
0.018970 0.000000
0.018980 0.000000
0.018990 1.000000
0.019000 0.000000
0.019010 1.000000
0.019020 0.000000
0.019030 1.000000
0.019040 0.000000
0.019050 0.000000
0.019060 1.000000
0.019070 0.000000
0.019080 1.000000
0.019090 1.000000
0.019100 0.000000
0.019110 1.000000
0.019120 0.000000
0.019130 0.000000
0.019140 1.000000
0.019150 0.000000
0.019160 0.000000
0.019170 1.000000
0.019180 0.000000
0.019190 0.000000
0.019200 1.000000
0.019210 0.000000
0.019220 0.000000
0.019230 1.000000
0.019240 1.000000
0.019250 0.000000
0.019260 0.000000
0.019270 1.000000
0.019280 1.000000
0.019290 0.000000
0.019300 0.000000
0.019310 1.000000
0.019320 1.000000
0.019330 1.000000
0.019340 0.000000
0.019350 0.000000
0.019360 1.000000
0.019370 1.000000
0.019380 1.000000
0.019390 1.000000
0.019400 0.000000
0.019410 0.000000
0.019420 0.000000
0.019430 0.000000
0.019440 1.000000
0.019450 1.000000
0.019460 1.000000
0.019470 1.000000
0.019480 1.000000
0.019490 1.000000
0.019500 1.000000
0.019510 1.000000
0.019520 1.000000
0.019530 1.000000
0.019540 1.000000
0.019550 1.000000
0.019560 1.000000
0.019570 1.000000
0.019580 1.000000
0.019590 1.000000
0.019600 1.000000
0.019610 1.000000
0.019620 1.000000
0.019630 1.000000
0.019640 1.000000
0.019650 1.000000
0.019660 1.000000
0.019670 0.000000
0.019680 0.000000
0.019690 0.000000
0.019700 0.000000
0.019710 1.000000
0.019720 1.000000
0.019730 1.000000
0.019740 0.000000
0.019750 0.000000
0.019760 0.000000
0.019770 1.000000
0.019780 1.000000
0.019790 1.000000
0.019800 0.000000
0.019810 0.000000
0.019820 1.000000
0.019830 1.000000
0.019840 0.000000
0.019850 0.000000
0.019860 1.000000
0.019870 1.000000
0.019880 0.000000
0.019890 1.000000
0.019900 1.000000
0.019910 0.000000
0.019920 0.000000
0.019930 1.000000
0.019940 0.000000
0.019950 0.000000
0.019960 1.000000
0.019970 0.000000
0.019980 0.000000
0.019990 1.000000
0.020000 0.000000
0.020010 1.000000
0.020020 1.000000
0.020030 0.000000
0.020040 1.000000
0.020050 0.000000
0.020060 1.000000
0.020070 1.000000
0.020080 0.000000
0.020090 1.000000
0.020100 0.000000
0.020110 1.000000
0.020120 0.000000
0.020130 1.000000
0.020140 0.000000
0.020150 0.000000
0.020160 1.000000
0.020170 0.000000
0.020180 1.000000
0.020190 0.000000
0.020200 1.000000
0.020210 0.000000
0.020220 1.000000
0.020230 0.000000
0.020240 1.000000
0.020250 0.000000
0.020260 1.000000
0.020270 0.000000
0.020280 1.000000
0.020290 0.000000
0.020300 1.000000
0.020310 0.000000
0.020320 1.000000
0.020330 0.000000
0.020340 1.000000
0.020350 0.000000
0.020360 1.000000
0.020370 0.000000
0.020380 0.000000
0.020390 1.000000
0.020400 0.000000
0.020410 1.000000
0.020420 0.000000
0.020430 1.000000
0.020440 0.000000
0.020450 1.000000
0.020460 0.000000
0.020470 1.000000
0.020480 0.000000
0.020490 1.000000
0.020500 0.000000
0.020510 1.000000
0.020520 1.000000
0.020530 0.000000
0.020540 1.000000
0.020550 0.000000
0.020560 1.000000
0.020570 0.000000
0.020580 1.000000
0.020590 0.000000
0.020600 1.000000
0.020610 0.000000
0.020620 1.000000
0.020630 0.000000
0.020640 1.000000
0.020650 0.000000
0.020660 1.000000
0.020670 0.000000
0.020680 1.000000
0.020690 0.000000
0.020700 1.000000
0.020710 0.000000
0.020720 1.000000
0.020730 0.000000
0.020740 1.000000
0.020750 0.000000
0.020760 1.000000
0.020770 0.000000
0.020780 1.000000
0.020790 0.000000
0.020800 1.000000
0.020810 0.000000
0.020820 1.000000
0.020830 0.000000
0.020840 1.000000
0.020850 0.000000
0.020860 1.000000
0.020870 1.000000
0.020880 0.000000
0.020890 1.000000
0.020900 0.000000
0.020910 1.000000
0.020920 0.000000
0.020930 0.000000
0.020940 1.000000
0.020950 0.000000
0.020960 1.000000
0.020970 1.000000
0.020980 0.000000
0.020990 1.000000
0.021000 1.000000
0.021010 0.000000
0.021020 1.000000
0.021030 1.000000
0.021040 0.000000
0.021050 1.000000
0.021060 1.000000
0.021070 0.000000
0.021080 1.000000
0.021090 1.000000
0.021100 0.000000
0.021110 0.000000
0.021120 1.000000
0.021130 1.000000
0.021140 0.000000
0.021150 0.000000
0.021160 1.000000
0.021170 1.000000
0.021180 1.000000
0.021190 0.000000
0.021200 0.000000
0.021210 1.000000
0.021220 1.000000
0.021230 1.000000
0.021240 0.000000
0.021250 0.000000
0.021260 0.000000
0.021270 0.000000
0.021280 1.000000
0.021290 1.000000
0.021300 1.000000
0.021310 1.000000
0.021320 1.000000
0.021330 0.000000
0.021340 0.000000
0.021350 0.000000
0.021360 0.000000
0.021370 0.000000
0.021380 0.000000
0.021390 0.000000
0.021400 0.000000
0.021410 0.000000
0.021420 0.000000
0.021430 0.000000
0.021440 0.000000
0.021450 0.000000
0.021460 0.000000
0.021470 0.000000
0.021480 0.000000
0.021490 0.000000
0.021500 0.000000
0.021510 1.000000
0.021520 1.000000
0.021530 1.000000
0.021540 1.000000
0.021550 0.000000
0.021560 0.000000
0.021570 0.000000
0.021580 0.000000
0.021590 1.000000
0.021600 1.000000
0.021610 1.000000
0.021620 0.000000
0.021630 0.000000
0.021640 0.000000
0.021650 1.000000
0.021660 1.000000
0.021670 0.000000
0.021680 0.000000
0.021690 1.000000
0.021700 1.000000
0.021710 0.000000
0.021720 0.000000
0.021730 1.000000
0.021740 1.000000
0.021750 0.000000
0.021760 1.000000
0.021770 1.000000
0.021780 0.000000
0.021790 0.000000
0.021800 1.000000
0.021810 0.000000
0.021820 0.000000
0.021830 1.000000
0.021840 0.000000
0.021850 1.000000
0.021860 1.000000
0.021870 0.000000
0.021880 1.000000
0.021890 0.000000
0.021900 0.000000
0.021910 1.000000
0.021920 0.000000
0.021930 1.000000
0.021940 0.000000
0.021950 0.000000
0.021960 1.000000
0.021970 0.000000
0.021980 1.000000
0.021990 0.000000
0.022000 1.000000
0.022010 0.000000
0.022020 1.000000
0.022030 0.000000
0.022040 1.000000
0.022050 1.000000
0.022060 0.000000
0.022070 1.000000
0.022080 0.000000
0.022090 1.000000
0.022100 0.000000
0.022110 1.000000
0.022120 0.000000
0.022130 1.000000
0.022140 0.000000
0.022150 1.000000
0.022160 0.000000
0.022170 1.000000
0.022180 0.000000
0.022190 0.000000
0.022200 1.000000
0.022210 0.000000
0.022220 1.000000
0.022230 0.000000
0.022240 1.000000
0.022250 0.000000
0.022260 1.000000
0.022270 0.000000
0.022280 1.000000
0.022290 0.000000
0.022300 1.000000
0.022310 0.000000
0.022320 1.000000
0.022330 0.000000
0.022340 0.000000
0.022350 1.000000
0.022360 0.000000
0.022370 1.000000
0.022380 0.000000
0.022390 1.000000
0.022400 0.000000
0.022410 1.000000
0.022420 0.000000
0.022430 1.000000
0.022440 0.000000
0.022450 1.000000
0.022460 0.000000
0.022470 1.000000
0.022480 1.000000
0.022490 0.000000
0.022500 1.000000
0.022510 0.000000
0.022520 1.000000
0.022530 0.000000
0.022540 1.000000
0.022550 0.000000
0.022560 1.000000
0.022570 0.000000
0.022580 1.000000
0.022590 0.000000
0.022600 1.000000
0.022610 0.000000
0.022620 1.000000
0.022630 0.000000
0.022640 1.000000
0.022650 0.000000
0.022660 0.000000
0.022670 1.000000
0.022680 0.000000
0.022690 1.000000
0.022700 0.000000
0.022710 1.000000
0.022720 0.000000
0.022730 1.000000
0.022740 0.000000
0.022750 0.000000
0.022760 1.000000
0.022770 0.000000
0.022780 1.000000
0.022790 0.000000
0.022800 0.000000
0.022810 1.000000
0.022820 0.000000
0.022830 1.000000
0.022840 1.000000
0.022850 0.000000
0.022860 1.000000
0.022870 0.000000
0.022880 0.000000
0.022890 1.000000
0.022900 0.000000
0.022910 0.000000
0.022920 1.000000
0.022930 1.000000
0.022940 0.000000
0.022950 0.000000
0.022960 1.000000
0.022970 0.000000
0.022980 0.000000
0.022990 1.000000
0.023000 1.000000
0.023010 0.000000
0.023020 0.000000
0.023030 0.000000
0.023040 1.000000
0.023050 1.000000
0.023060 0.000000
0.023070 0.000000
0.023080 0.000000
0.023090 1.000000
0.023100 1.000000
0.023110 1.000000
0.023120 0.000000
0.023130 0.000000
0.023140 0.000000
0.023150 0.000000
0.023160 1.000000
0.023170 1.000000
0.023180 1.000000
0.023190 1.000000
0.023200 1.000000
0.023210 1.000000
0.023220 1.000000
0.023230 1.000000
0.023240 1.000000
0.023250 1.000000
0.023260 1.000000
0.023270 1.000000
0.023280 1.000000
0.023290 1.000000
0.023300 1.000000
0.023310 1.000000
0.023320 1.000000
0.023330 1.000000
0.023340 1.000000
0.023350 1.000000
0.023360 1.000000
0.023370 1.000000
0.023380 1.000000
0.023390 1.000000
0.023400 0.000000
0.023410 0.000000
0.023420 0.000000
0.023430 0.000000
0.023440 1.000000
0.023450 1.000000
0.023460 1.000000
0.023470 0.000000
0.023480 0.000000
0.023490 1.000000
0.023500 1.000000
0.023510 1.000000
0.023520 0.000000
0.023530 0.000000
0.023540 1.000000
0.023550 1.000000
0.023560 0.000000
0.023570 0.000000
0.023580 1.000000
0.023590 1.000000
0.023600 0.000000
0.023610 0.000000
0.023620 1.000000
0.023630 0.000000
0.023640 0.000000
0.023650 1.000000
0.023660 1.000000
0.023670 0.000000
0.023680 1.000000
0.023690 1.000000
0.023700 0.000000
0.023710 1.000000
0.023720 0.000000
0.023730 0.000000
0.023740 1.000000
0.023750 0.000000
0.023760 1.000000
0.023770 1.000000
0.023780 0.000000
0.023790 1.000000
0.023800 0.000000
0.023810 1.000000
0.023820 0.000000
0.023830 1.000000
0.023840 1.000000
0.023850 0.000000
0.023860 1.000000
0.023870 0.000000
0.023880 1.000000
0.023890 0.000000
0.023900 1.000000
0.023910 0.000000
0.023920 1.000000
0.023930 0.000000
0.023940 1.000000
0.023950 0.000000
0.023960 1.000000
0.023970 0.000000
0.023980 1.000000
0.023990 0.000000
0.024000 1.000000
0.024010 0.000000
0.024020 1.000000
0.024030 0.000000
0.024040 1.000000
0.024050 0.000000
0.024060 1.000000
0.024070 0.000000
0.024080 1.000000
0.024090 0.000000
0.024100 1.000000
0.024110 0.000000
0.024120 1.000000
0.024130 0.000000
0.024140 1.000000
0.024150 0.000000
0.024160 0.000000
0.024170 1.000000
0.024180 0.000000
0.024190 1.000000
0.024200 0.000000
0.024210 1.000000
0.024220 0.000000
0.024230 1.000000
0.024240 0.000000
0.024250 1.000000
0.024260 0.000000
0.024270 1.000000
0.024280 0.000000
0.024290 0.000000
0.024300 1.000000
0.024310 0.000000
0.024320 1.000000
0.024330 0.000000
0.024340 1.000000
0.024350 0.000000
0.024360 1.000000
0.024370 0.000000
0.024380 1.000000
0.024390 0.000000
0.024400 1.000000
0.024410 0.000000
0.024420 1.000000
0.024430 0.000000
0.024440 1.000000
0.024450 0.000000
0.024460 1.000000
0.024470 0.000000
0.024480 1.000000
0.024490 0.000000
0.024500 1.000000
0.024510 0.000000
0.024520 1.000000
0.024530 0.000000
0.024540 1.000000
0.024550 0.000000
0.024560 0.000000
0.024570 1.000000
0.024580 0.000000
0.024590 1.000000
0.024600 0.000000
0.024610 1.000000
0.024620 0.000000
0.024630 0.000000
0.024640 1.000000
0.024650 0.000000
0.024660 1.000000
0.024670 0.000000
0.024680 0.000000
0.024690 1.000000
0.024700 0.000000
0.024710 1.000000
0.024720 1.000000
0.024730 0.000000
0.024740 1.000000
0.024750 1.000000
0.024760 0.000000
0.024770 1.000000
0.024780 1.000000
0.024790 0.000000
0.024800 0.000000
0.024810 1.000000
0.024820 1.000000
0.024830 0.000000
0.024840 1.000000
0.024850 1.000000
0.024860 0.000000
0.024870 0.000000
0.024880 0.000000
0.024890 1.000000
0.024900 1.000000
0.024910 0.000000
0.024920 0.000000
0.024930 0.000000
0.024940 1.000000
0.024950 1.000000
0.024960 1.000000
0.024970 0.000000
0.024980 0.000000
0.024990 0.000000
0.025000 1.000000
0.025010 1.000000
0.025020 1.000000
0.025030 1.000000
0.025040 1.000000
0.025050 0.000000
0.025060 0.000000
0.025070 0.000000
0.025080 0.000000
0.025090 0.000000
0.025100 0.000000
0.025110 0.000000
0.025120 0.000000
0.025130 0.000000
0.025140 0.000000
0.025150 0.000000
0.025160 0.000000
0.025170 0.000000
0.025180 0.000000
0.025190 0.000000
0.025200 0.000000
0.025210 0.000000
0.025220 0.000000
0.025230 1.000000
0.025240 1.000000
0.025250 1.000000
0.025260 1.000000
0.025270 1.000000
0.025280 0.000000
0.025290 0.000000
0.025300 0.000000
0.025310 1.000000
0.025320 1.000000
0.025330 1.000000
0.025340 0.000000
0.025350 0.000000
0.025360 0.000000
0.025370 1.000000
0.025380 1.000000
0.025390 0.000000
0.025400 0.000000
0.025410 1.000000
0.025420 1.000000
0.025430 0.000000
0.025440 0.000000
0.025450 1.000000
0.025460 1.000000
0.025470 0.000000
0.025480 0.000000
0.025490 1.000000
0.025500 0.000000
0.025510 0.000000
0.025520 1.000000
0.025530 1.000000
0.025540 0.000000
0.025550 1.000000
0.025560 0.000000
0.025570 0.000000
0.025580 1.000000
0.025590 0.000000
0.025600 0.000000
0.025610 1.000000
0.025620 0.000000
0.025630 1.000000
0.025640 0.000000
0.025650 0.000000
0.025660 1.000000
0.025670 0.000000
0.025680 1.000000
0.025690 0.000000
0.025700 1.000000
0.025710 0.000000
0.025720 1.000000
0.025730 1.000000
0.025740 0.000000
0.025750 1.000000
0.025760 0.000000
0.025770 1.000000
0.025780 0.000000
0.025790 1.000000
0.025800 0.000000
0.025810 1.000000
0.025820 0.000000
0.025830 1.000000
0.025840 0.000000
0.025850 1.000000
0.025860 0.000000
0.025870 1.000000
0.025880 0.000000
0.025890 1.000000
0.025900 0.000000
0.025910 1.000000
0.025920 0.000000
0.025930 1.000000
0.025940 0.000000
0.025950 1.000000
0.025960 0.000000
0.025970 1.000000
0.025980 1.000000
0.025990 0.000000
0.026000 1.000000
0.026010 0.000000
0.026020 1.000000
0.026030 0.000000
0.026040 1.000000
0.026050 0.000000
0.026060 1.000000
0.026070 0.000000
0.026080 1.000000
0.026090 0.000000
0.026100 1.000000
0.026110 1.000000
0.026120 0.000000
0.026130 1.000000
0.026140 0.000000
0.026150 1.000000
0.026160 0.000000
0.026170 1.000000
0.026180 0.000000
0.026190 1.000000
0.026200 0.000000
0.026210 1.000000
0.026220 0.000000
0.026230 1.000000
0.026240 0.000000
0.026250 1.000000
0.026260 0.000000
0.026270 1.000000
0.026280 0.000000
0.026290 1.000000
0.026300 0.000000
0.026310 1.000000
0.026320 0.000000
0.026330 1.000000
0.026340 0.000000
0.026350 1.000000
0.026360 0.000000
0.026370 1.000000
0.026380 0.000000
0.026390 1.000000
0.026400 0.000000
0.026410 1.000000
0.026420 0.000000
0.026430 1.000000
0.026440 0.000000
0.026450 0.000000
0.026460 1.000000
0.026470 0.000000
0.026480 1.000000
0.026490 0.000000
0.026500 1.000000
0.026510 1.000000
0.026520 0.000000
0.026530 1.000000
0.026540 0.000000
0.026550 0.000000
0.026560 1.000000
0.026570 0.000000
0.026580 1.000000
0.026590 1.000000
0.026600 0.000000
0.026610 1.000000
0.026620 1.000000
0.026630 0.000000
0.026640 1.000000
0.026650 1.000000
0.026660 0.000000
0.026670 0.000000
0.026680 1.000000
0.026690 1.000000
0.026700 0.000000
0.026710 0.000000
0.026720 1.000000
0.026730 1.000000
0.026740 0.000000
0.026750 0.000000
0.026760 1.000000
0.026770 1.000000
0.026780 0.000000
0.026790 0.000000
0.026800 0.000000
0.026810 1.000000
0.026820 1.000000
0.026830 1.000000
0.026840 0.000000
0.026850 0.000000
0.026860 0.000000
0.026870 0.000000
0.026880 1.000000
0.026890 1.000000
0.026900 1.000000
0.026910 1.000000
0.026920 1.000000
0.026930 1.000000
0.026940 1.000000
0.026950 1.000000
0.026960 1.000000
0.026970 1.000000
0.026980 1.000000
0.026990 1.000000
0.027000 1.000000
0.027010 1.000000
0.027020 1.000000
0.027030 1.000000
0.027040 1.000000
0.027050 1.000000
0.027060 1.000000
0.027070 1.000000
0.027080 1.000000
0.027090 1.000000
0.027100 1.000000
0.027110 1.000000
0.027120 0.000000
0.027130 0.000000
0.027140 0.000000
0.027150 0.000000
0.027160 1.000000
0.027170 1.000000
0.027180 1.000000
0.027190 0.000000
0.027200 0.000000
0.027210 0.000000
0.027220 1.000000
0.027230 1.000000
0.027240 0.000000
0.027250 0.000000
0.027260 0.000000
0.027270 1.000000
0.027280 1.000000
0.027290 0.000000
0.027300 0.000000
0.027310 1.000000
0.027320 0.000000
0.027330 0.000000
0.027340 1.000000
0.027350 1.000000
0.027360 0.000000
0.027370 1.000000
0.027380 1.000000
0.027390 0.000000
0.027400 1.000000
0.027410 1.000000
0.027420 0.000000
0.027430 1.000000
0.027440 1.000000
0.027450 0.000000
0.027460 1.000000
0.027470 0.000000
0.027480 0.000000
0.027490 1.000000
0.027500 0.000000
0.027510 1.000000
0.027520 0.000000
0.027530 0.000000
0.027540 1.000000
0.027550 0.000000
0.027560 1.000000
0.027570 0.000000
0.027580 1.000000
0.027590 0.000000
0.027600 1.000000
0.027610 0.000000
0.027620 1.000000
0.027630 1.000000
0.027640 0.000000
0.027650 1.000000
0.027660 0.000000
0.027670 1.000000
0.027680 0.000000
0.027690 1.000000
0.027700 0.000000
0.027710 1.000000
0.027720 0.000000
0.027730 1.000000
0.027740 0.000000
0.027750 1.000000
0.027760 0.000000
0.027770 1.000000
0.027780 1.000000
0.027790 0.000000
0.027800 1.000000
0.027810 0.000000
0.027820 1.000000
0.027830 0.000000
0.027840 1.000000
0.027850 0.000000
0.027860 1.000000
0.027870 0.000000
0.027880 1.000000
0.027890 0.000000
0.027900 1.000000
0.027910 0.000000
0.027920 1.000000
0.027930 1.000000
0.027940 0.000000
0.027950 1.000000
0.027960 0.000000
0.027970 1.000000
0.027980 0.000000
0.027990 1.000000
0.028000 0.000000
0.028010 1.000000
0.028020 0.000000
0.028030 1.000000
0.028040 0.000000
0.028050 1.000000
0.028060 0.000000
0.028070 0.000000
0.028080 1.000000
0.028090 0.000000
0.028100 1.000000
0.028110 0.000000
0.028120 1.000000
0.028130 0.000000
0.028140 1.000000
0.028150 0.000000
0.028160 1.000000
0.028170 0.000000
0.028180 1.000000
0.028190 0.000000
0.028200 1.000000
0.028210 0.000000
0.028220 1.000000
0.028230 0.000000
0.028240 0.000000
0.028250 1.000000
0.028260 0.000000
0.028270 1.000000
0.028280 0.000000
0.028290 1.000000
0.028300 0.000000
0.028310 1.000000
0.028320 0.000000
0.028330 0.000000
0.028340 1.000000
0.028350 0.000000
0.028360 1.000000
0.028370 0.000000
0.028380 1.000000
0.028390 1.000000
0.028400 0.000000
0.028410 1.000000
0.028420 0.000000
0.028430 0.000000
0.028440 1.000000
0.028450 0.000000
0.028460 0.000000
0.028470 1.000000
0.028480 0.000000
0.028490 0.000000
0.028500 1.000000
0.028510 0.000000
0.028520 0.000000
0.028530 1.000000
0.028540 1.000000
0.028550 0.000000
0.028560 0.000000
0.028570 1.000000
0.028580 1.000000
0.028590 0.000000
0.028600 0.000000
0.028610 1.000000
0.028620 1.000000
0.028630 0.000000
0.028640 0.000000
0.028650 0.000000
0.028660 1.000000
0.028670 1.000000
0.028680 1.000000
0.028690 0.000000
0.028700 0.000000
0.028710 0.000000
0.028720 1.000000
0.028730 1.000000
0.028740 1.000000
0.028750 1.000000
0.028760 1.000000
0.028770 0.000000
0.028780 0.000000
0.028790 0.000000
0.028800 0.000000
0.028810 0.000000
0.028820 0.000000
0.028830 0.000000
0.028840 0.000000
0.028850 0.000000
0.028860 0.000000
0.028870 0.000000
0.028880 0.000000
0.028890 0.000000
0.028900 0.000000
0.028910 0.000000
0.028920 0.000000
0.028930 0.000000
0.028940 0.000000
0.028950 1.000000
0.028960 1.000000
0.028970 1.000000
0.028980 1.000000
0.028990 1.000000
0.029000 0.000000
0.029010 0.000000
0.029020 0.000000
0.029030 0.000000
0.029040 1.000000
0.029050 1.000000
0.029060 1.000000
0.029070 0.000000
0.029080 0.000000
0.029090 1.000000
0.029100 1.000000
0.029110 1.000000
0.029120 0.000000
0.029130 0.000000
0.029140 1.000000
0.029150 1.000000
0.029160 0.000000
0.029170 0.000000
0.029180 1.000000
0.029190 0.000000
0.029200 0.000000
0.029210 1.000000
0.029220 1.000000
0.029230 0.000000
0.029240 1.000000
0.029250 1.000000
0.029260 0.000000
0.029270 1.000000
0.029280 1.000000
0.029290 0.000000
0.029300 1.000000
0.029310 1.000000
0.029320 0.000000
0.029330 1.000000
0.029340 0.000000
0.029350 1.000000
0.029360 1.000000
0.029370 0.000000
0.029380 1.000000
0.029390 0.000000
0.029400 1.000000
0.029410 0.000000
0.029420 0.000000
0.029430 1.000000
0.029440 0.000000
0.029450 1.000000
0.029460 0.000000
0.029470 1.000000
0.029480 0.000000
0.029490 1.000000
0.029500 0.000000
0.029510 1.000000
0.029520 0.000000
0.029530 1.000000
0.029540 0.000000
0.029550 1.000000
0.029560 0.000000
0.029570 1.000000
0.029580 0.000000
0.029590 1.000000
0.029600 0.000000
0.029610 1.000000
0.029620 0.000000
0.029630 1.000000
0.029640 0.000000
0.029650 1.000000
0.029660 0.000000
0.029670 1.000000
0.029680 0.000000
0.029690 1.000000
0.029700 0.000000
0.029710 1.000000
0.029720 0.000000
0.029730 1.000000
0.029740 0.000000
0.029750 0.000000
0.029760 1.000000
0.029770 0.000000
0.029780 1.000000
0.029790 0.000000
0.029800 1.000000
0.029810 0.000000
0.029820 1.000000
0.029830 0.000000
0.029840 1.000000
0.029850 0.000000
0.029860 1.000000
0.029870 0.000000
0.029880 0.000000
0.029890 1.000000
0.029900 0.000000
0.029910 1.000000
0.029920 0.000000
0.029930 1.000000
0.029940 0.000000
0.029950 1.000000
0.029960 0.000000
0.029970 1.000000
0.029980 0.000000
0.029990 1.000000
0.030000 0.000000
0.030010 1.000000
0.030020 0.000000
0.030030 1.000000
0.030040 0.000000
0.030050 1.000000
0.030060 0.000000
0.030070 1.000000
0.030080 0.000000
0.030090 1.000000
0.030100 0.000000
0.030110 1.000000
0.030120 0.000000
0.030130 1.000000
0.030140 1.000000
0.030150 0.000000
0.030160 1.000000
0.030170 0.000000
0.030180 1.000000
0.030190 0.000000
0.030200 1.000000
0.030210 1.000000
0.030220 0.000000
0.030230 1.000000
0.030240 0.000000
0.030250 1.000000
0.030260 1.000000
0.030270 0.000000
0.030280 1.000000
0.030290 0.000000
0.030300 0.000000
0.030310 1.000000
0.030320 0.000000
0.030330 0.000000
0.030340 1.000000
0.030350 0.000000
0.030360 0.000000
0.030370 1.000000
0.030380 0.000000
0.030390 0.000000
0.030400 1.000000
0.030410 1.000000
0.030420 0.000000
0.030430 0.000000
0.030440 1.000000
0.030450 1.000000
0.030460 0.000000
0.030470 0.000000
0.030480 1.000000
0.030490 1.000000
0.030500 1.000000
0.030510 0.000000
0.030520 0.000000
0.030530 0.000000
0.030540 1.000000
0.030550 1.000000
0.030560 1.000000
0.030570 0.000000
0.030580 0.000000
0.030590 0.000000
0.030600 0.000000
0.030610 1.000000
0.030620 1.000000
0.030630 1.000000
0.030640 1.000000
0.030650 1.000000
0.030660 1.000000
0.030670 1.000000
0.030680 1.000000
0.030690 1.000000
0.030700 1.000000
0.030710 1.000000
0.030720 1.000000
0.030730 1.000000
0.030740 1.000000
0.030750 1.000000
0.030760 1.000000
0.030770 1.000000
0.030780 1.000000
0.030790 1.000000
0.030800 1.000000
0.030810 1.000000
0.030820 1.000000
0.030830 1.000000
0.030840 0.000000
0.030850 0.000000
0.030860 0.000000
0.030870 0.000000
0.030880 1.000000
0.030890 1.000000
0.030900 1.000000
0.030910 0.000000
0.030920 0.000000
0.030930 0.000000
0.030940 1.000000
0.030950 1.000000
0.030960 1.000000
0.030970 0.000000
0.030980 0.000000
0.030990 1.000000
0.031000 1.000000
0.031010 0.000000
0.031020 0.000000
0.031030 1.000000
0.031040 1.000000
0.031050 0.000000
0.031060 0.000000
0.031070 1.000000
0.031080 0.000000
0.031090 0.000000
0.031100 1.000000
0.031110 0.000000
0.031120 0.000000
0.031130 1.000000
0.031140 0.000000
0.031150 0.000000
0.031160 1.000000
0.031170 0.000000
0.031180 1.000000
0.031190 1.000000
0.031200 0.000000
0.031210 1.000000
0.031220 0.000000
0.031230 1.000000
0.031240 1.000000
0.031250 0.000000
0.031260 1.000000
0.031270 0.000000
0.031280 1.000000
0.031290 0.000000
0.031300 1.000000
0.031310 1.000000
0.031320 0.000000
0.031330 1.000000
0.031340 0.000000
0.031350 1.000000
0.031360 0.000000
0.031370 1.000000
0.031380 0.000000
0.031390 1.000000
0.031400 0.000000
0.031410 1.000000
0.031420 0.000000
0.031430 1.000000
0.031440 0.000000
0.031450 1.000000
0.031460 0.000000
0.031470 1.000000
0.031480 0.000000
0.031490 1.000000
0.031500 0.000000
0.031510 1.000000
0.031520 0.000000
0.031530 1.000000
0.031540 0.000000
0.031550 1.000000
0.031560 0.000000
0.031570 0.000000
0.031580 1.000000
0.031590 0.000000
0.031600 1.000000
0.031610 0.000000
0.031620 1.000000
0.031630 0.000000
0.031640 1.000000
0.031650 0.000000
0.031660 1.000000
0.031670 0.000000
0.031680 1.000000
0.031690 0.000000
0.031700 0.000000
0.031710 1.000000
0.031720 0.000000
0.031730 1.000000
0.031740 0.000000
0.031750 1.000000
0.031760 0.000000
0.031770 1.000000
0.031780 0.000000
0.031790 1.000000
0.031800 0.000000
0.031810 1.000000
0.031820 0.000000
0.031830 1.000000
0.031840 0.000000
0.031850 1.000000
0.031860 0.000000
0.031870 1.000000
0.031880 0.000000
0.031890 1.000000
0.031900 0.000000
0.031910 1.000000
0.031920 0.000000
0.031930 1.000000
0.031940 0.000000
0.031950 1.000000
0.031960 0.000000
0.031970 1.000000
0.031980 0.000000
0.031990 1.000000
0.032000 0.000000
0.032010 1.000000
0.032020 0.000000
0.032030 0.000000
0.032040 1.000000
0.032050 0.000000
0.032060 1.000000
0.032070 0.000000
0.032080 1.000000
0.032090 1.000000
0.032100 0.000000
0.032110 1.000000
0.032120 0.000000
0.032130 1.000000
0.032140 1.000000
0.032150 0.000000
0.032160 1.000000
0.032170 1.000000
0.032180 0.000000
0.032190 1.000000
0.032200 1.000000
0.032210 0.000000
0.032220 1.000000
0.032230 1.000000
0.032240 0.000000
0.032250 0.000000
0.032260 1.000000
0.032270 0.000000
0.032280 0.000000
0.032290 1.000000
0.032300 1.000000
0.032310 0.000000
0.032320 0.000000
0.032330 1.000000
0.032340 1.000000
0.032350 1.000000
0.032360 0.000000
0.032370 0.000000
0.032380 1.000000
0.032390 1.000000
0.032400 1.000000
0.032410 0.000000
0.032420 0.000000
0.032430 0.000000
0.032440 0.000000
0.032450 1.000000
0.032460 1.000000
0.032470 1.000000
0.032480 1.000000
0.032490 1.000000
0.032500 0.000000
0.032510 0.000000
0.032520 0.000000
0.032530 0.000000
0.032540 0.000000
0.032550 0.000000
0.032560 0.000000
0.032570 0.000000
0.032580 0.000000
0.032590 0.000000
0.032600 0.000000
0.032610 0.000000
0.032620 0.000000
0.032630 0.000000
0.032640 0.000000
0.032650 0.000000
0.032660 0.000000
0.032670 0.000000
0.032680 1.000000
0.032690 1.000000
0.032700 1.000000
0.032710 1.000000
0.032720 1.000000
0.032730 0.000000
0.032740 0.000000
0.032750 0.000000
0.032760 1.000000
0.032770 1.000000
0.032780 1.000000
0.032790 0.000000
0.032800 0.000000
0.032810 0.000000
0.032820 1.000000
0.032830 1.000000
0.032840 0.000000
0.032850 0.000000
0.032860 1.000000
0.032870 1.000000
0.032880 0.000000
0.032890 0.000000
0.032900 1.000000
0.032910 1.000000
0.032920 0.000000
0.032930 0.000000
0.032940 1.000000
0.032950 0.000000
0.032960 0.000000
0.032970 1.000000
0.032980 0.000000
0.032990 0.000000
0.033000 1.000000
0.033010 0.000000
0.033020 0.000000
0.033030 1.000000
0.033040 0.000000
0.033050 1.000000
0.033060 1.000000
0.033070 0.000000
0.033080 1.000000
0.033090 0.000000
0.033100 1.000000
0.033110 0.000000
0.033120 0.000000
0.033130 1.000000
0.033140 0.000000
0.033150 1.000000
0.033160 0.000000
0.033170 1.000000
0.033180 0.000000
0.033190 1.000000
0.033200 0.000000
0.033210 0.000000
0.033220 1.000000
0.033230 0.000000
0.033240 1.000000
0.033250 0.000000
0.033260 1.000000
0.033270 0.000000
0.033280 1.000000
0.033290 0.000000
0.033300 1.000000
0.033310 0.000000
0.033320 1.000000
0.033330 0.000000
0.033340 1.000000
0.033350 0.000000
0.033360 1.000000
0.033370 0.000000
0.033380 0.000000
0.033390 1.000000
0.033400 0.000000
0.033410 1.000000
0.033420 0.000000
0.033430 1.000000
0.033440 0.000000
0.033450 1.000000
0.033460 0.000000
0.033470 1.000000
0.033480 0.000000
0.033490 1.000000
0.033500 0.000000
0.033510 1.000000
0.033520 1.000000
0.033530 0.000000
0.033540 1.000000
0.033550 0.000000
0.033560 1.000000
0.033570 0.000000
0.033580 1.000000
0.033590 0.000000
0.033600 1.000000
0.033610 0.000000
0.033620 1.000000
0.033630 0.000000
0.033640 1.000000
0.033650 0.000000
0.033660 1.000000
0.033670 1.000000
0.033680 0.000000
0.033690 1.000000
0.033700 0.000000
0.033710 1.000000
0.033720 0.000000
0.033730 1.000000
0.033740 0.000000
0.033750 1.000000
0.033760 0.000000
0.033770 1.000000
0.033780 0.000000
0.033790 1.000000
0.033800 0.000000
0.033810 1.000000
0.033820 1.000000
0.033830 0.000000
0.033840 1.000000
0.033850 0.000000
0.033860 1.000000
0.033870 0.000000
0.033880 1.000000
0.033890 0.000000
0.033900 1.000000
0.033910 0.000000
0.033920 0.000000
0.033930 1.000000
0.033940 0.000000
0.033950 1.000000
0.033960 0.000000
0.033970 0.000000
0.033980 1.000000
0.033990 0.000000
0.034000 1.000000
0.034010 1.000000
0.034020 0.000000
0.034030 1.000000
0.034040 1.000000
0.034050 0.000000
0.034060 1.000000
0.034070 1.000000
0.034080 0.000000
0.034090 1.000000
0.034100 1.000000
0.034110 0.000000
0.034120 0.000000
0.034130 1.000000
0.034140 0.000000
0.034150 0.000000
0.034160 1.000000
0.034170 1.000000
0.034180 0.000000
0.034190 0.000000
0.034200 0.000000
0.034210 1.000000
0.034220 1.000000
0.034230 0.000000
0.034240 0.000000
0.034250 0.000000
0.034260 1.000000
0.034270 1.000000
0.034280 1.000000
0.034290 0.000000
0.034300 0.000000
0.034310 0.000000
0.034320 0.000000
0.034330 1.000000
0.034340 1.000000
0.034350 1.000000
0.034360 1.000000
0.034370 1.000000
0.034380 1.000000
0.034390 1.000000
0.034400 1.000000
0.034410 1.000000
0.034420 1.000000
0.034430 1.000000
0.034440 1.000000
0.034450 1.000000
0.034460 1.000000
0.034470 1.000000
0.034480 1.000000
0.034490 1.000000
0.034500 1.000000
0.034510 1.000000
0.034520 1.000000
0.034530 1.000000
0.034540 1.000000
0.034550 1.000000
0.034560 1.000000
0.034570 0.000000
0.034580 0.000000
0.034590 0.000000
0.034600 0.000000
0.034610 1.000000
0.034620 1.000000
0.034630 1.000000
0.034640 0.000000
0.034650 0.000000
0.034660 0.000000
0.034670 1.000000
0.034680 1.000000
0.034690 0.000000
0.034700 0.000000
0.034710 1.000000
0.034720 1.000000
0.034730 0.000000
0.034740 0.000000
0.034750 1.000000
0.034760 1.000000
0.034770 0.000000
0.034780 0.000000
0.034790 1.000000
0.034800 1.000000
0.034810 0.000000
0.034820 1.000000
0.034830 1.000000
0.034840 0.000000
0.034850 1.000000
0.034860 1.000000
0.034870 0.000000
0.034880 1.000000
0.034890 0.000000
0.034900 0.000000
0.034910 1.000000
0.034920 0.000000
0.034930 1.000000
0.034940 1.000000
0.034950 0.000000
0.034960 1.000000
0.034970 0.000000
0.034980 1.000000
0.034990 0.000000
0.035000 0.000000
0.035010 1.000000
0.035020 0.000000
0.035030 1.000000
0.035040 0.000000
0.035050 1.000000
0.035060 0.000000
0.035070 1.000000
0.035080 0.000000
0.035090 1.000000
0.035100 0.000000
0.035110 1.000000
0.035120 0.000000
0.035130 1.000000
0.035140 0.000000
0.035150 1.000000
0.035160 0.000000
0.035170 1.000000
0.035180 0.000000
0.035190 1.000000
0.035200 0.000000
0.035210 1.000000
0.035220 0.000000
0.035230 1.000000
0.035240 0.000000
0.035250 1.000000
0.035260 0.000000
0.035270 1.000000
0.035280 0.000000
0.035290 1.000000
0.035300 0.000000
0.035310 1.000000
0.035320 0.000000
0.035330 1.000000
0.035340 1.000000
0.035350 0.000000
0.035360 1.000000
0.035370 0.000000
0.035380 1.000000
0.035390 0.000000
0.035400 1.000000
0.035410 0.000000
0.035420 1.000000
0.035430 0.000000
0.035440 1.000000
0.035450 0.000000
0.035460 1.000000
0.035470 1.000000
0.035480 0.000000
0.035490 1.000000
0.035500 0.000000
0.035510 1.000000
0.035520 0.000000
0.035530 1.000000
0.035540 0.000000
0.035550 1.000000
0.035560 0.000000
0.035570 1.000000
0.035580 0.000000
0.035590 1.000000
0.035600 0.000000
0.035610 1.000000
0.035620 0.000000
0.035630 1.000000
0.035640 0.000000
0.035650 1.000000
0.035660 0.000000
0.035670 1.000000
0.035680 0.000000
0.035690 1.000000
0.035700 0.000000
0.035710 1.000000
0.035720 1.000000
0.035730 0.000000
0.035740 1.000000
0.035750 0.000000
0.035760 1.000000
0.035770 0.000000
0.035780 1.000000
0.035790 0.000000
0.035800 0.000000
0.035810 1.000000
0.035820 0.000000
0.035830 1.000000
0.035840 0.000000
0.035850 0.000000
0.035860 1.000000
0.035870 0.000000
0.035880 0.000000
0.035890 1.000000
0.035900 0.000000
0.035910 1.000000
0.035920 1.000000
0.035930 0.000000
0.035940 0.000000
0.035950 1.000000
0.035960 0.000000
0.035970 0.000000
0.035980 1.000000
0.035990 1.000000
0.036000 0.000000
0.036010 0.000000
0.036020 1.000000
0.036030 1.000000
0.036040 0.000000
0.036050 0.000000
0.036060 1.000000
0.036070 1.000000
0.036080 0.000000
0.036090 0.000000
0.036100 0.000000
0.036110 1.000000
0.036120 1.000000
0.036130 1.000000
0.036140 0.000000
0.036150 0.000000
0.036160 0.000000
0.036170 1.000000
0.036180 1.000000
0.036190 1.000000
0.036200 1.000000
0.036210 1.000000
0.036220 0.000000
0.036230 0.000000
0.036240 0.000000
0.036250 0.000000
0.036260 0.000000
0.036270 0.000000
0.036280 0.000000
0.036290 0.000000
0.036300 0.000000
0.036310 0.000000
0.036320 0.000000
0.036330 0.000000
0.036340 0.000000
0.036350 0.000000
0.036360 0.000000
0.036370 0.000000
0.036380 0.000000
0.036390 0.000000
0.036400 1.000000
0.036410 1.000000
0.036420 1.000000
0.036430 1.000000
0.036440 1.000000
0.036450 0.000000
0.036460 0.000000
0.036470 0.000000
0.036480 1.000000
0.036490 1.000000
0.036500 1.000000
0.036510 0.000000
0.036520 0.000000
0.036530 0.000000
0.036540 1.000000
0.036550 1.000000
0.036560 0.000000
0.036570 0.000000
0.036580 0.000000
0.036590 1.000000
0.036600 1.000000
0.036610 0.000000
0.036620 1.000000
0.036630 1.000000
0.036640 0.000000
0.036650 0.000000
0.036660 1.000000
0.036670 1.000000
0.036680 0.000000
0.036690 1.000000
0.036700 1.000000
0.036710 0.000000
0.036720 1.000000
0.036730 1.000000
0.036740 0.000000
0.036750 1.000000
0.036760 0.000000
0.036770 0.000000
0.036780 1.000000
0.036790 0.000000
0.036800 1.000000
0.036810 0.000000
0.036820 0.000000
0.036830 1.000000
0.036840 0.000000
0.036850 1.000000
0.036860 0.000000
0.036870 1.000000
0.036880 0.000000
0.036890 0.000000
0.036900 1.000000
0.036910 0.000000
0.036920 1.000000
0.036930 0.000000
0.036940 1.000000
0.036950 0.000000
0.036960 1.000000
0.036970 0.000000
0.036980 1.000000
0.036990 0.000000
0.037000 1.000000
0.037010 0.000000
0.037020 1.000000
0.037030 0.000000
0.037040 1.000000
0.037050 0.000000
0.037060 1.000000
0.037070 0.000000
0.037080 1.000000
0.037090 0.000000
0.037100 1.000000
0.037110 0.000000
0.037120 1.000000
0.037130 0.000000
0.037140 1.000000
0.037150 0.000000
0.037160 0.000000
0.037170 1.000000
0.037180 0.000000
0.037190 1.000000
0.037200 0.000000
0.037210 1.000000
0.037220 0.000000
0.037230 1.000000
0.037240 0.000000
0.037250 1.000000
0.037260 0.000000
0.037270 1.000000
0.037280 0.000000
0.037290 0.000000
0.037300 1.000000
0.037310 0.000000
0.037320 1.000000
0.037330 0.000000
0.037340 1.000000
0.037350 0.000000
0.037360 1.000000
0.037370 0.000000
0.037380 1.000000
0.037390 0.000000
0.037400 1.000000
0.037410 0.000000
0.037420 1.000000
0.037430 0.000000
0.037440 1.000000
0.037450 0.000000
0.037460 1.000000
0.037470 0.000000
0.037480 1.000000
0.037490 0.000000
0.037500 1.000000
0.037510 0.000000
0.037520 1.000000
0.037530 0.000000
0.037540 1.000000
0.037550 0.000000
0.037560 1.000000
0.037570 0.000000
0.037580 1.000000
0.037590 0.000000
0.037600 1.000000
0.037610 1.000000
0.037620 0.000000
0.037630 1.000000
0.037640 0.000000
0.037650 1.000000
0.037660 0.000000
0.037670 1.000000
0.037680 1.000000
0.037690 0.000000
0.037700 1.000000
0.037710 0.000000
0.037720 0.000000
0.037730 1.000000
0.037740 0.000000
0.037750 1.000000
0.037760 1.000000
0.037770 0.000000
0.037780 1.000000
0.037790 1.000000
0.037800 0.000000
0.037810 0.000000
0.037820 1.000000
0.037830 0.000000
0.037840 0.000000
0.037850 1.000000
0.037860 1.000000
0.037870 0.000000
0.037880 0.000000
0.037890 1.000000
0.037900 1.000000
0.037910 0.000000
0.037920 0.000000
0.037930 1.000000
0.037940 1.000000
0.037950 1.000000
0.037960 0.000000
0.037970 0.000000
0.037980 1.000000
0.037990 1.000000
0.038000 1.000000
0.038010 0.000000
0.038020 0.000000
0.038030 0.000000
0.038040 0.000000
0.038050 1.000000
0.038060 1.000000
0.038070 1.000000
0.038080 1.000000
0.038090 1.000000
0.038100 1.000000
0.038110 1.000000
0.038120 1.000000
0.038130 1.000000
0.038140 1.000000
0.038150 1.000000
0.038160 1.000000
0.038170 1.000000
0.038180 1.000000
0.038190 1.000000
0.038200 1.000000
0.038210 1.000000
0.038220 1.000000
0.038230 1.000000
0.038240 1.000000
0.038250 1.000000
0.038260 1.000000
0.038270 1.000000
0.038280 1.000000
0.038290 0.000000
0.038300 0.000000
0.038310 0.000000
0.038320 0.000000
0.038330 1.000000
0.038340 1.000000
0.038350 1.000000
0.038360 0.000000
0.038370 0.000000
0.038380 0.000000
0.038390 1.000000
0.038400 1.000000
0.038410 0.000000
0.038420 0.000000
0.038430 0.000000
0.038440 1.000000
0.038450 1.000000
0.038460 0.000000
0.038470 0.000000
0.038480 1.000000
0.038490 0.000000
0.038500 0.000000
0.038510 1.000000
0.038520 1.000000
0.038530 0.000000
0.038540 0.000000
0.038550 1.000000
0.038560 0.000000
0.038570 0.000000
0.038580 1.000000
0.038590 0.000000
0.038600 1.000000
0.038610 1.000000
0.038620 0.000000
0.038630 1.000000
0.038640 0.000000
0.038650 0.000000
0.038660 1.000000
0.038670 0.000000
0.038680 1.000000
0.038690 0.000000
0.038700 0.000000
0.038710 1.000000
0.038720 0.000000
0.038730 1.000000
0.038740 0.000000
0.038750 1.000000
0.038760 0.000000
0.038770 1.000000
0.038780 0.000000
0.038790 0.000000
0.038800 1.000000
0.038810 0.000000
0.038820 1.000000
0.038830 0.000000
0.038840 1.000000
0.038850 0.000000
0.038860 1.000000
0.038870 0.000000
0.038880 1.000000
0.038890 0.000000
0.038900 1.000000
0.038910 0.000000
0.038920 1.000000
0.038930 0.000000
0.038940 1.000000
0.038950 0.000000
0.038960 1.000000
0.038970 1.000000
0.038980 0.000000
0.038990 1.000000
0.039000 0.000000
0.039010 1.000000
0.039020 0.000000
0.039030 1.000000
0.039040 0.000000
0.039050 1.000000
0.039060 0.000000
0.039070 1.000000
0.039080 0.000000
0.039090 1.000000
0.039100 0.000000
0.039110 0.000000
0.039120 1.000000
0.039130 0.000000
0.039140 1.000000
0.039150 0.000000
0.039160 1.000000
0.039170 0.000000
0.039180 1.000000
0.039190 0.000000
0.039200 1.000000
0.039210 0.000000
0.039220 1.000000
0.039230 0.000000
0.039240 1.000000
0.039250 0.000000
0.039260 0.000000
0.039270 1.000000
0.039280 0.000000
0.039290 1.000000
0.039300 0.000000
0.039310 1.000000
0.039320 0.000000
0.039330 1.000000
0.039340 0.000000
0.039350 1.000000
0.039360 0.000000
0.039370 1.000000
0.039380 0.000000
0.039390 1.000000
0.039400 1.000000
0.039410 0.000000
0.039420 1.000000
0.039430 0.000000
0.039440 1.000000
0.039450 0.000000
0.039460 1.000000
0.039470 0.000000
0.039480 1.000000
0.039490 0.000000
0.039500 0.000000
0.039510 1.000000
0.039520 0.000000
0.039530 1.000000
0.039540 0.000000
0.039550 0.000000
0.039560 1.000000
0.039570 0.000000
0.039580 1.000000
0.039590 1.000000
0.039600 0.000000
0.039610 1.000000
0.039620 0.000000
0.039630 0.000000
0.039640 1.000000
0.039650 0.000000
0.039660 0.000000
0.039670 1.000000
0.039680 1.000000
0.039690 0.000000
0.039700 1.000000
0.039710 1.000000
0.039720 0.000000
0.039730 0.000000
0.039740 1.000000
0.039750 1.000000
0.039760 0.000000
0.039770 0.000000
0.039780 1.000000
0.039790 1.000000
0.039800 0.000000
0.039810 0.000000
0.039820 0.000000
0.039830 1.000000
0.039840 1.000000
0.039850 1.000000
0.039860 0.000000
0.039870 0.000000
0.039880 0.000000
0.039890 0.000000
0.039900 1.000000
0.039910 1.000000
0.039920 1.000000
0.039930 1.000000
0.039940 0.000000
0.039950 0.000000
0.039960 0.000000
0.039970 0.000000
0.039980 0.000000
0.039990 0.000000
0.040000 0.000000
0.040010 0.000000
0.040020 0.000000
0.040030 0.000000
0.040040 0.000000
0.040050 0.000000
0.040060 0.000000
0.040070 0.000000
0.040080 0.000000
0.040090 0.000000
0.040100 0.000000
0.040110 0.000000
0.040120 1.000000
0.040130 1.000000
0.040140 1.000000
0.040150 1.000000
0.040160 1.000000
0.040170 0.000000
0.040180 0.000000
0.040190 0.000000
0.040200 0.000000
0.040210 1.000000
0.040220 1.000000
0.040230 1.000000
0.040240 0.000000
0.040250 0.000000
0.040260 1.000000
0.040270 1.000000
0.040280 1.000000
0.040290 0.000000
0.040300 0.000000
0.040310 1.000000
0.040320 1.000000
0.040330 0.000000
0.040340 0.000000
0.040350 1.000000
0.040360 1.000000
0.040370 0.000000
0.040380 1.000000
0.040390 1.000000
0.040400 0.000000
0.040410 1.000000
0.040420 1.000000
0.040430 0.000000
0.040440 1.000000
0.040450 1.000000
0.040460 0.000000
0.040470 1.000000
0.040480 1.000000
0.040490 0.000000
0.040500 1.000000
0.040510 0.000000
0.040520 0.000000
0.040530 1.000000
0.040540 0.000000
0.040550 1.000000
0.040560 0.000000
0.040570 1.000000
0.040580 1.000000
0.040590 0.000000
0.040600 1.000000
0.040610 0.000000
0.040620 1.000000
0.040630 0.000000
0.040640 1.000000
0.040650 0.000000
0.040660 1.000000
0.040670 0.000000
0.040680 1.000000
0.040690 0.000000
0.040700 1.000000
0.040710 0.000000
0.040720 1.000000
0.040730 0.000000
0.040740 1.000000
0.040750 0.000000
0.040760 1.000000
0.040770 0.000000
0.040780 1.000000
0.040790 0.000000
0.040800 1.000000
0.040810 0.000000
0.040820 1.000000
0.040830 0.000000
0.040840 1.000000
0.040850 0.000000
0.040860 1.000000
0.040870 0.000000
0.040880 1.000000
0.040890 0.000000
0.040900 1.000000
0.040910 0.000000
0.040920 1.000000
0.040930 1.000000
0.040940 0.000000
0.040950 1.000000
